a1120
a1121
a1122
a1123
a1124
a1125
a1126
a1127
a1128
a1129
a1201
a1202
a1203
a1204
a1205
a1206
a1207
a1208
a1209
a1210
a1211
a1212
a1213
a1214
a1215
a1216
a1217
a1218
a1219
a1220
a1221
a1222
a1223
a1224
a1225
a1226
a1227
a1228
a1229
a1230
-0101
-0102
-0103
-0104
-0105
-0106
-0107
-0108
-0109
-0110
-0111
-0112
-0113
-0114
-0115
-0116
-0117
-0118
-0119
-0120
-0121
-0122
-0123
-0124
-0125
-0126
-0127
-0128
-0129
-0201
-0202
-0203
-0204
-0205
-0206
-0207
-0208
-0209
-0210
-0211
-0212
-0213
-0214
-0215
-0216
-0217
-0218
-0219
-0220
-0221
-0222
-0223
-0224
-0225
-0226
-0227
-0228
-0229
-0230
-0301
-0302
-0303
-0304
-0305
-0306
-0307
-0308
-0309
-0310
-0311
-0312
-0313
-0314
-0315
-0316
-0317
-0318
-0319
-0320
-0321
-0322
-0323
-0324
-0325
-0326
-0327
-0328
-0329
-0401
-0402
-0403
-0404
-0405
-0406
-0407
-0408
-0409
-0410
-0411
-0412
-0413
-0414
-0415
-0416
-0417
-0418
-0419
-0420
-0421
-0422
-0423
-0424
-0425
-0426
-0427
-0428
-0429
-0501
-0502
-0503
-0504
-0505
-0506
-0507
-0508
-0509
-0510
-0511
-0512
-0513
-0514
-0515
-0516
-0517
-0518
-0519
-0520
-0521
-0522
-0523
-0524
-0525
-0526
-0527
-0528
-0529
-0530
-0601
-0602
-0603
-0604
-0605
-0606
-0607
-0608
-0609
-0610
-0611
-0612
-0613
-0614
-0615
-0616
-0617
-0618
-0619
-0620
-0621
-0622
-0623
-0624
-0625
-0626
-0627
-0628
-0629
-0701
-0702
-0703
-0704
-0705
-0706
-0707
-0708
-0709
-0710
-0711
-0712
-0713
-0714
-0715
-0716
-0717
-0718
-0719
-0720
-0721
-0722
-0723
-0724
-0725
-0726
-0727
-0728
-0729
-0730
-0801
-0802
-0803
-0804
-0805
-0806
-0807
-0808
-0809
-0810
-0811
-0812
-0813
-0814
-0815
-0816
-0817
-0818
-0819
-0820
-0821
-0822
-0823
-0824
-0825
-0826
-0827
-0828
-0829
-0901
-0902
-0903
-0904
-0905
-0906
-0907
-0908
-0909
-0910
-0911
-0912
-0913
-0914
-0915
-0916
-0917
-0918
-0919
-0920
-0921
-0922
-0923
-0924
-0925
-0926
-0927
-0928
-0929
-0930
-1001
-1002
-1003
-1004
-1005
-1006
-1007
-1008
-1009
-1010
-1011
-1012
-1013
-1014
-1015
-1016
-1017
-1018
-1019
-1020
-1021
-1022
-1023
-1024
-1025
-1026
-1027
-1028
-1029
-1030
-1101
-1102
-1103
-1104
-1105
-1106
-1107
-1108
-1109
-1110
-1111
-1112
-1113
-1114
-1115
-1116
-1117
-1118
-1119
-1120
-1121
-1122
-1123
-1124
-1125
-1126
-1127
-1128
-1129
-1130
a1201
a1202
a1203
a1204
a1205
a1206
a1207
a1208
a1209
a1210
a1211
a1212
a1213
a1214
a1215
a1216
a1217
a1218
a1219
a1220
a1221
a1222
a1223
a1224
a1225
a1226
a1227
a1228
a1229
-0101
-0102
-0103
-0104
-0105
-0106
-0107
-0108
-0109
-0110
-0111
-0112
-0113
-0114
-0115
-0116
-0117
-0118
-0119
-0120
-0121
-0122
-0123
-0124
-0125
-0126
-0127
-0128
-0129
-0130
-0201
-0202
-0203
-0204
-0205
-0206
-0207
-0208
-0209
-0210
-0211
-0212
-0213
-0214
-0215
-0216
-0217
-0218
-0219
-0220
-0221
-0222
-0223
-0224
-0225
-0226
-0227
-0228
-0229
-0301
-0302
-0303
-0304
-0305
-0306
-0307
-0308
-0309
-0310
-0311
-0312
-0313
-0314
-0315
-0316
-0317
-0318
-0319
-0320
-0321
-0322
-0323
-0324
-0325
-0326
-0327
-0328
-0329
-0330
-0401
-0402
-0403
-0404
-0405
-0406
-0407
-0408
-0409
-0410
-0411
-0412
-0413
-0414
-0415
-0416
-0417
-0418
-0419
-0420
-0421
-0422
-0423
-0424
-0425
-0426
-0427
-0428
-0429
-0501
-0502
-0503
-0504
-0505
-0506
-0507
-0508
-0509
-0510
-0511
-0512
-0513
-0514
-0515
-0516
-0517
-0518
-0519
-0520
-0521
-0522
-0523
-0524
-0525
-0526
-0527
-0528
-0529
-0601
-0602
-0603
-0604
-0605
-0606
-0607
-0608
-0609
-0610
-0611
-0612
-0613
-0614
-0615
-0616
-0617
-0618
-0619
-0620
-0621
-0622
-0623
-0624
-0625
-0626
-0627
-0628
-0629
-0630
b0601
b0602
b0603
b0604
b0605
b0606
b0607
b0608
b0609
b0610
b0611
b0612
b0613
b0614
b0615
b0616
b0617
b0618
b0619
b0620
b0621
b0622
b0623
b0624
b0625
b0626
b0627
b0628
b0629
-0701
-0702
-0703
-0704
-0705
-0706
-0707
-0708
-0709
-0710
-0711
-0712
-0713
-0714
-0715
-0716
-0717
-0718
-0719
-0720
-0721
-0722
-0723
-0724
-0725
-0726
-0727
-0728
-0729
-0801
-0802
-0803
-0804
-0805
-0806
-0807
-0808
-0809
-0810
-0811
-0812
-0813
-0814
-0815
-0816
-0817
-0818
-0819
-0820
-0821
-0822
-0823
-0824
-0825
-0826
-0827
-0828
-0829
-0830
-0901
-0902
-0903
-0904
-0905
-0906
-0907
-0908
-0909
-0910
-0911
-0912
-0913
-0914
-0915
-0916
-0917
-0918
-0919
-0920
-0921
-0922
-0923
-0924
-0925
-0926
-0927
-0928
-0929
-0930
-1001
-1002
-1003
-1004
-1005
-1006
-1007
-1008
-1009
-1010
-1011
-1012
-1013
-1014
-1015
-1016
-1017
-1018
-1019
-1020
-1021
-1022
-1023
-1024
-1025
-1026
-1027
-1028
-1029
-1101
-1102
-1103
-1104
-1105
-1106
-1107
-1108
-1109
-1110
-1111
-1112
a1113
a1114
a1115
a1116
a1117
a1118
a1119
a1120
a1121
a1122
a1123
a1124
a1125
a1126
a1127
a1128
a1129
a1130
a1201
a1202
a1203
a1204
a1205
a1206
a1207
a1208
a1209
a1210
a1211
a1212
a1213
a1214
a1215
a1216
a1217
a1218
a1219
a1220
a1221
a1222
a1223
a1224
a1225
a1226
a1227
a1228
a1229
a1230
-0101
-0102
-0103
-0104
-0105
-0106
-0107
-0108
-0109
-0110
-0111
-0112
-0113
-0114
-0115
-0116
-0117
-0118
-0119
-0120
-0121
-0122
-0123
-0124
-0125
-0126
-0127
-0128
-0129
-0130
-0201
-0202
-0203
-0204
-0205
-0206
-0207
-0208
-0209
-0210
-0211
-0212
-0213
-0214
-0215
-0216
-0217
-0218
-0219
-0220
-0221
-0222
-0223
-0224
-0225
-0226
-0227
-0228
-0229
-0301
-0302
-0303
-0304
-0305
-0306
-0307
-0308
-0309
-0310
-0311
-0312
-0313
-0314
-0315
-0316
-0317
-0318
-0319
-0320
-0321
-0322
-0323
-0324
-0325
-0326
-0327
-0328
-0329
-0330
-0401
-0402
-0403
-0404
-0405
-0406
-0407
-0408
-0409
-0410
-0411
-0412
-0413
-0414
-0415
-0416
-0417
-0418
-0419
-0420
-0421
-0422
-0423
-0424
-0425
-0426
-0427
-0428
-0429
-0501
-0502
-0503
-0504
-0505
-0506
-0507
-0508
-0509
-0510
-0511
-0512
-0513
-0514
-0515
-0516
-0517
-0518
-0519
-0520
-0521
-0522
-0523
-0524
-0525
-0526
-0527
-0528
-0529
-0601
-0602
-0603
-0604
-0605
-0606
-0607
-0608
-0609
-0610
-0611
-0612
-0613
-0614
-0615
-0616
-0617
-0618
-0619
-0620
-0621
-0622
-0623
-0624
-0625
-0626
-0627
-0628
-0629
-0630
-0701
-0702
-0703
-0704
-0705
-0706
-0707
-0708
-0709
-0710
-0711
-0712
-0713
-0714
-0715
-0716
-0717
-0718
-0719
-0720
-0721
-0722
-0723
-0724
-0725
-0726
-0727
-0728
-0729
-0801
-0802
-0803
-0804
-0805
-0806
-0807
-0808
-0809
-0810
-0811
-0812
-0813
-0814
-0815
-0816
-0817
-0818
-0819
-0820
-0821
-0822
-0823
-0824
-0825
-0826
-0827
-0828
-0829
-0901
-0902
-0903
-0904
-0905
-0906
-0907
-0908
-0909
-0910
-0911
-0912
-0913
-0914
-0915
-0916
-0917
-0918
-0919
-0920
-0921
-0922
-0923
-0924
-0925
-0926
-0927
-0928
-0929
-0930
-1001
-1002
-1003
-1004
-1005
-1006
-1007
-1008
-1009
-1010
-1011
-1012
-1013
-1014
-1015
-1016
-1017
-1018
-1019
-1020
-1021
-1022
-1023
-1024
-1025
-1026
-1027
-1028
-1029
-1030
-1101
-1102
-1103
-1104
-1105
-1106
-1107
-1108
-1109
-1110
-1111
-1112
-1113
-1114
-1115
-1116
-1117
-1118
-1119
-1120
-1121
-1122
-1123
a1124
a1125
a1126
a1127
a1128
a1129
a1201
a1202
a1203
a1204
a1205
a1206
a1207
a1208
a1209
a1210
a1211
a1212
a1213
a1214
a1215
a1216
a1217
a1218
a1219
a1220
a1221
a1222
a1223
a1224
a1225
a1226
a1227
a1228
a1229
a1230
-0101
-0102
-0103
-0104
-0105
-0106
-0107
-0108
-0109
-0110
-0111
-0112
-0113
-0114
-0115
-0116
-0117
-0118
-0119
-0120
-0121
-0122
-0123
-0124
-0125
-0126
-0127
-0128
-0129
-0130
-0201
-0202
-0203
-0204
-0205
-0206
-0207
-0208
-0209
-0210
-0211
-0212
-0213
-0214
-0215
-0216
-0217
-0218
-0219
-0220
-0221
-0222
-0223
-0224
-0225
-0226
-0227
-0228
-0229
-0230
-0301
-0302
-0303
-0304
-0305
-0306
-0307
-0308
-0309
-0310
-0311
-0312
-0313
-0314
-0315
-0316
-0317
-0318
-0319
-0320
-0321
-0322
-0323
-0324
-0325
-0326
-0327
-0328
-0329
-0401
-0402
-0403
-0404
-0405
-0406
-0407
-0408
-0409
-0410
-0411
-0412
-0413
-0414
-0415
-0416
-0417
-0418
-0419
-0420
-0421
-0422
-0423
-0424
-0425
-0426
-0427
-0428
-0429
-0430
-0501
-0502
-0503
-0504
-0505
-0506
-0507
-0508
-0509
-0510
-0511
-0512
-0513
-0514
-0515
-0516
-0517
-0518
-0519
-0520
-0521
-0522
-0523
-0524
-0525
-0526
-0527
-0528
-0529
-0601
-0602
-0603
-0604
-0605
-0606
-0607
-0608
-0609
-0610
-0611
-0612
-0613
-0614
-0615
-0616
-0617
-0618
-0619
-0620
-0621
-0622
-0623
-0624
-0625
-0626
-0627
-0628
-0629
-0701
-0702
-0703
-0704
-0705
-0706
-0707
-0708
-0709
-0710
-0711
-0712
-0713
-0714
-0715
-0716
-0717
-0718
-0719
-0720
-0721
-0722
-0723
-0724
-0725
-0726
-0727
-0728
-0729
-0730
-0801
-0802
-0803
-0804
-0805
-0806
-0807
-0808
-0809
-0810
-0811
-0812
-0813
-0814
-0815
-0816
-0817
-0818
-0819
-0820
-0821
-0822
-0823
-0824
-0825
-0826
-0827
-0828
-0829
-0901
-0902
-0903
-0904
-0905
-0906
-0907
-0908
-0909
-0910
-0911
-0912
-0913
-0914
-0915
-0916
-0917
-0918
-0919
-0920
-0921
-0922
-0923
-0924
-0925
-0926
-0927
-0928
-0929
-1001
-1002
-1003
-1004
-1005
-1006
-1007
-1008
-1009
-1010
-1011
-1012
-1013
-1014
-1015
-1016
-1017
-1018
-1019
-1020
-1021
-1022
-1023
-1024
-1025
-1026
-1027
-1028
-1029
-1030
-1101
-1102
-1103
-1104
-1105
-1106
-1107
-1108
-1109
-1110
-1111
-1112
-1113
-1114
-1115
-1116
-1117
-1118
-1119
-1120
-1121
-1122
-1123
-1124
-1125
-1126
-1127
-1128
-1129
-1201
-1202
-1203
-1204
-1205
a1206
a1207
a1208
a1209
a1210
a1211
a1212
a1213
a1214
a1215
a1216
a1217
a1218
a1219
a1220
a1221
a1222
a1223
a1224
a1225
a1226
a1227
a1228
a1229
a1230
-0101
-0102
-0103
-0104
-0105
-0106
-0107
-0108
-0109
-0110
-0111
-0112
-0113
-0114
-0115
-0116
-0117
-0118
-0119
-0120
-0121
-0122
-0123
-0124
-0125
-0126
-0127
-0128
-0129
-0130
-0201
-0202
-0203
-0204
-0205
-0206
-0207
-0208
-0209
-0210
-0211
-0212
-0213
-0214
-0215
-0216
-0217
-0218
-0219
-0220
-0221
-0222
-0223
-0224
-0225
-0226
-0227
-0228
-0229
-0230
-0301
-0302
-0303
-0304
-0305
-0306
-0307
-0308
-0309
-0310
-0311
-0312
-0313
-0314
-0315
-0316
-0317
-0318
-0319
-0320
-0321
-0322
-0323
-0324
-0325
-0326
-0327
-0328
-0329
-0401
-0402
-0403
-0404
-0405
-0406
-0407
-0408
-0409
-0410
-0411
-0412
-0413
-0414
-0415
-0416
-0417
-0418
-0419
-0420
-0421
-0422
-0423
-0424
-0425
-0426
-0427
-0428
-0429
-0430
-0501
-0502
-0503
-0504
-0505
-0506
-0507
-0508
-0509
-0510
-0511
-0512
-0513
-0514
-0515
-0516
-0517
-0518
-0519
-0520
-0521
-0522
-0523
-0524
-0525
-0526
-0527
-0528
-0529
-0530
b0501
b0502
b0503
b0504
b0505
b0506
b0507
b0508
b0509
b0510
b0511
b0512
b0513
b0514
b0515
b0516
b0517
b0518
b0519
b0520
b0521
b0522
b0523
b0524
b0525
b0526
b0527
b0528
b0529
-0601
-0602
-0603
-0604
-0605
-0606
-0607
-0608
-0609
-0610
-0611
-0612
-0613
-0614
-0615
-0616
-0617
-0618
-0619
-0620
-0621
-0622
-0623
-0624
-0625
-0626
-0627
-0628
-0629
-0701
-0702
-0703
-0704
-0705
-0706
-0707
-0708
-0709
-0710
-0711
-0712
-0713
-0714
-0715
-0716
-0717
-0718
-0719
-0720
-0721
-0722
-0723
-0724
-0725
-0726
-0727
-0728
-0729
-0730
-0801
-0802
-0803
-0804
-0805
-0806
-0807
-0808
-0809
-0810
-0811
-0812
-0813
-0814
-0815
-0816
-0817
-0818
-0819
-0820
-0821
-0822
-0823
-0824
-0825
-0826
-0827
-0828
-0829
-0901
-0902
-0903
-0904
-0905
-0906
-0907
-0908
-0909
-0910
-0911
-0912
-0913
-0914
-0915
-0916
-0917
-0918
-0919
-0920
-0921
-0922
-0923
-0924
-0925
-0926
-0927
-0928
-0929
-0930
-1001
-1002
-1003
-1004
-1005
-1006
-1007
-1008
-1009
-1010
-1011
-1012
-1013
-1014
-1015
-1016
-1017
-1018
-1019
-1020
-1021
-1022
-1023
-1024
-1025
-1026
-1027
-1028
-1029
-1101
-1102
-1103
-1104
-1105
-1106
-1107
-1108
-1109
-1110
-1111
-1112
-1113
-1114
-1115
a1116
a1117
a1118
a1119
a1120
a1121
a1122
a1123
a1124
a1125
a1126
a1127
a1128
a1129
a1201
a1202
a1203
a1204
a1205
a1206
a1207
a1208
a1209
a1210
a1211
a1212
a1213
a1214
a1215
a1216
a1217
a1218
a1219
a1220
a1221
a1222
a1223
a1224
a1225
a1226
a1227
a1228
a1229
a1230
-0101
-0102
-0103
-0104
-0105
-0106
-0107
-0108
-0109
-0110
-0111
-0112
-0113
-0114
-0115
-0116
-0117
-0118
-0119
-0120
-0121
-0122
-0123
-0124
-0125
-0126
-0127
-0128
-0129
-0130
-0201
-0202
-0203
-0204
-0205
-0206
-0207
-0208
-0209
-0210
-0211
-0212
-0213
-0214
-0215
-0216
-0217
-0218
-0219
-0220
-0221
-0222
-0223
-0224
-0225
-0226
-0227
-0228
-0229
-0301
-0302
-0303
-0304
-0305
-0306
-0307
-0308
-0309
-0310
-0311
-0312
-0313
-0314
-0315
-0316
-0317
-0318
-0319
-0320
-0321
-0322
-0323
-0324
-0325
-0326
-0327
-0328
-0329
-0330
-0401
-0402
-0403
-0404
-0405
-0406
-0407
-0408
-0409
-0410
-0411
-0412
-0413
-0414
-0415
-0416
-0417
-0418
-0419
-0420
-0421
-0422
-0423
-0424
-0425
-0426
-0427
-0428
-0429
-0430
-0501
-0502
-0503
-0504
-0505
-0506
-0507
-0508
-0509
-0510
-0511
-0512
-0513
-0514
-0515
-0516
-0517
-0518
-0519
-0520
-0521
-0522
-0523
-0524
-0525
-0526
-0527
-0528
-0529
-0601
-0602
-0603
-0604
-0605
-0606
-0607
-0608
-0609
-0610
-0611
-0612
-0613
-0614
-0615
-0616
-0617
-0618
-0619
-0620
-0621
-0622
-0623
-0624
-0625
-0626
-0627
-0628
-0629
-0630
-0701
-0702
-0703
-0704
-0705
-0706
-0707
-0708
-0709
-0710
-0711
-0712
-0713
-0714
-0715
-0716
-0717
-0718
-0719
-0720
-0721
-0722
-0723
-0724
-0725
-0726
-0727
-0728
-0729
-0801
-0802
-0803
-0804
-0805
-0806
-0807
-0808
-0809
-0810
-0811
-0812
-0813
-0814
-0815
-0816
-0817
-0818
-0819
-0820
-0821
-0822
-0823
-0824
-0825
-0826
-0827
-0828
-0829
-0830
-0901
-0902
-0903
-0904
-0905
-0906
-0907
-0908
-0909
-0910
-0911
-0912
-0913
-0914
-0915
-0916
-0917
-0918
-0919
-0920
-0921
-0922
-0923
-0924
-0925
-0926
-0927
-0928
-0929
-1001
-1002
-1003
-1004
-1005
-1006
-1007
-1008
-1009
-1010
-1011
-1012
-1013
-1014
-1015
-1016
-1017
-1018
-1019
-1020
-1021
-1022
-1023
-1024
-1025
-1026
-1027
-1028
-1029
-1030
-1101
-1102
-1103
-1104
-1105
-1106
-1107
-1108
-1109
-1110
-1111
-1112
-1113
-1114
-1115
-1116
-1117
-1118
-1119
-1120
-1121
-1122
-1123
-1124
-1125
a1126
a1127
a1128
a1129
a1201
a1202
a1203
a1204
a1205
a1206
a1207
a1208
a1209
a1210
a1211
a1212
a1213
a1214
a1215
a1216
a1217
a1218
a1219
a1220
a1221
a1222
a1223
a1224
a1225
a1226
a1227
a1228
a1229
a1230
-0101
-0102
-0103
-0104
-0105
-0106
-0107
-0108
-0109
-0110
-0111
-0112
-0113
-0114
-0115
-0116
-0117
-0118
-0119
-0120
-0121
-0122
-0123
-0124
-0125
-0126
-0127
-0128
-0129
-0201
-0202
-0203
-0204
-0205
-0206
-0207
-0208
-0209
-0210
-0211
-0212
-0213
-0214
-0215
-0216
-0217
-0218
-0219
-0220
-0221
-0222
-0223
-0224
-0225
-0226
-0227
-0228
-0229
-0230
-0301
-0302
-0303
-0304
-0305
-0306
-0307
-0308
-0309
-0310
-0311
-0312
-0313
-0314
-0315
-0316
-0317
-0318
-0319
-0320
-0321
-0322
-0323
-0324
-0325
-0326
-0327
-0328
-0329
-0401
-0402
-0403
-0404
-0405
-0406
-0407
-0408
-0409
-0410
-0411
-0412
-0413
-0414
-0415
-0416
-0417
-0418
-0419
-0420
-0421
-0422
-0423
-0424
-0425
-0426
-0427
-0428
-0429
-0430
-0501
-0502
-0503
-0504
-0505
-0506
-0507
-0508
-0509
-0510
-0511
-0512
-0513
-0514
-0515
-0516
-0517
-0518
-0519
-0520
-0521
-0522
-0523
-0524
-0525
-0526
-0527
-0528
-0529
-0601
-0602
-0603
-0604
-0605
-0606
-0607
-0608
-0609
-0610
-0611
-0612
-0613
-0614
-0615
-0616
-0617
-0618
-0619
-0620
-0621
-0622
-0623
-0624
-0625
-0626
-0627
-0628
-0629
-0630
-0701
-0702
-0703
-0704
-0705
-0706
-0707
-0708
-0709
-0710
-0711
-0712
-0713
-0714
-0715
-0716
-0717
-0718
-0719
-0720
-0721
-0722
-0723
-0724
-0725
-0726
-0727
-0728
-0729
-0730
-0801
-0802
-0803
-0804
-0805
-0806
-0807
-0808
-0809
-0810
-0811
-0812
-0813
-0814
-0815
-0816
-0817
-0818
-0819
-0820
-0821
-0822
-0823
-0824
-0825
-0826
-0827
-0828
-0829
-0901
-0902
-0903
-0904
-0905
-0906
-0907
-0908
-0909
-0910
-0911
-0912
-0913
-0914
-0915
-0916
-0917
-0918
-0919
-0920
-0921
-0922
-0923
-0924
-0925
-0926
-0927
-0928
-0929
-0930
-1001
-1002
-1003
-1004
-1005
-1006
-1007
-1008
-1009
-1010
-1011
-1012
-1013
-1014
-1015
-1016
-1017
-1018
-1019
-1020
-1021
-1022
-1023
-1024
-1025
-1026
-1027
-1028
-1029
-1101
-1102
-1103
-1104
-1105
-1106
-1107
-1108
-1109
-1110
-1111
-1112
-1113
-1114
-1115
-1116
-1117
-1118
-1119
-1120
-1121
-1122
-1123
-1124
-1125
-1126
-1127
-1128
-1129
-1130
-1201
-1202
-1203
-1204
-1205
-1206
-1207
a1208
a1209
a1210
a1211
a1212
a1213
a1214
a1215
a1216
a1217
a1218
a1219
a1220
a1221
a1222
a1223
a1224
a1225
a1226
a1227
a1228
a1229
-0101
-0102
-0103
-0104
-0105
-0106
-0107
-0108
-0109
-0110
-0111
-0112
-0113
-0114
-0115
-0116
-0117
-0118
-0119
-0120
-0121
-0122
-0123
-0124
-0125
-0126
-0127
-0128
-0129
-0130
-0201
-0202
-0203
-0204
-0205
-0206
-0207
-0208
-0209
-0210
-0211
-0212
-0213
-0214
-0215
-0216
-0217
-0218
-0219
-0220
-0221
-0222
-0223
-0224
-0225
-0226
-0227
-0228
-0229
b0201
b0202
b0203
b0204
b0205
b0206
b0207
b0208
b0209
b0210
b0211
b0212
b0213
b0214
b0215
b0216
b0217
b0218
b0219
b0220
b0221
b0222
b0223
b0224
b0225
b0226
b0227
b0228
b0229
-0301
-0302
-0303
-0304
-0305
-0306
-0307
-0308
-0309
-0310
-0311
-0312
-0313
-0314
-0315
-0316
-0317
-0318
-0319
-0320
-0321
-0322
-0323
-0324
-0325
-0326
-0327
-0328
-0329
-0330
-0401
-0402
-0403
-0404
-0405
-0406
-0407
-0408
-0409
-0410
-0411
-0412
-0413
-0414
-0415
-0416
-0417
-0418
-0419
-0420
-0421
-0422
-0423
-0424
-0425
-0426
-0427
-0428
-0429
-0501
-0502
-0503
-0504
-0505
-0506
-0507
-0508
-0509
-0510
-0511
-0512
-0513
-0514
-0515
-0516
-0517
-0518
-0519
-0520
-0521
-0522
-0523
-0524
-0525
-0526
-0527
-0528
-0529
-0530
-0601
-0602
-0603
-0604
-0605
-0606
-0607
-0608
-0609
-0610
-0611
-0612
-0613
-0614
-0615
-0616
-0617
-0618
-0619
-0620
-0621
-0622
-0623
-0624
-0625
-0626
-0627
-0628
-0629
-0630
-0701
-0702
-0703
-0704
-0705
-0706
-0707
-0708
-0709
-0710
-0711
-0712
-0713
-0714
-0715
-0716
-0717
-0718
-0719
-0720
-0721
-0722
-0723
-0724
-0725
-0726
-0727
-0728
-0729
-0801
-0802
-0803
-0804
-0805
-0806
-0807
-0808
-0809
-0810
-0811
-0812
-0813
-0814
-0815
-0816
-0817
-0818
-0819
-0820
-0821
-0822
-0823
-0824
-0825
-0826
-0827
-0828
-0829
-0830
-0901
-0902
-0903
-0904
-0905
-0906
-0907
-0908
-0909
-0910
-0911
-0912
-0913
-0914
-0915
-0916
-0917
-0918
-0919
-0920
-0921
-0922
-0923
-0924
-0925
-0926
-0927
-0928
-0929
-0930
-1001
-1002
-1003
-1004
-1005
-1006
-1007
-1008
-1009
-1010
-1011
-1012
-1013
-1014
-1015
-1016
-1017
-1018
-1019
-1020
-1021
-1022
-1023
-1024
-1025
-1026
-1027
-1028
-1029
-1101
-1102
-1103
-1104
-1105
-1106
-1107
-1108
-1109
-1110
-1111
-1112
-1113
-1114
-1115
-1116
-1117
-1118
a1119
a1120
a1121
a1122
a1123
a1124
a1125
a1126
a1127
a1128
a1129
a1130
a1201
a1202
a1203
a1204
a1205
a1206
a1207
a1208
a1209
a1210
a1211
a1212
a1213
a1214
a1215
a1216
a1217
a1218
a1219
a1220
a1221
a1222
a1223
a1224
a1225
a1226
a1227
a1228
a1229
-0101
-0102
-0103
-0104
-0105
-0106
-0107
-0108
-0109
-0110
-0111
-0112
-0113
-0114
-0115
-0116
-0117
-0118
-0119
-0120
-0121
-0122
-0123
-0124
-0125
-0126
-0127
-0128
-0129
-0130
-0201
-0202
-0203
-0204
-0205
-0206
-0207
-0208
-0209
-0210
-0211
-0212
-0213
-0214
-0215
-0216
-0217
-0218
-0219
-0220
-0221
-0222
-0223
-0224
-0225
-0226
-0227
-0228
-0229
-0301
-0302
-0303
-0304
-0305
-0306
-0307
-0308
-0309
-0310
-0311
-0312
-0313
-0314
-0315
-0316
-0317
-0318
-0319
-0320
-0321
-0322
-0323
-0324
-0325
-0326
-0327
-0328
-0329
-0401
-0402
-0403
-0404
-0405
-0406
-0407
-0408
-0409
-0410
-0411
-0412
-0413
-0414
-0415
-0416
-0417
-0418
-0419
-0420
-0421
-0422
-0423
-0424
-0425
-0426
-0427
-0428
-0429
-0430
-0501
-0502
-0503
-0504
-0505
-0506
-0507
-0508
-0509
-0510
-0511
-0512
-0513
-0514
-0515
-0516
-0517
-0518
-0519
-0520
-0521
-0522
-0523
-0524
-0525
-0526
-0527
-0528
-0529
-0601
-0602
-0603
-0604
-0605
-0606
-0607
-0608
-0609
-0610
-0611
-0612
-0613
-0614
-0615
-0616
-0617
-0618
-0619
-0620
-0621
-0622
-0623
-0624
-0625
-0626
-0627
-0628
-0629
-0630
-0701
-0702
-0703
-0704
-0705
-0706
-0707
-0708
-0709
-0710
-0711
-0712
-0713
-0714
-0715
-0716
-0717
-0718
-0719
-0720
-0721
-0722
-0723
-0724
-0725
-0726
-0727
-0728
-0729
-0801
-0802
-0803
-0804
-0805
-0806
-0807
-0808
-0809
-0810
-0811
-0812
-0813
-0814
-0815
-0816
-0817
-0818
-0819
-0820
-0821
-0822
-0823
-0824
-0825
-0826
-0827
-0828
-0829
-0830
-0901
-0902
-0903
-0904
-0905
-0906
-0907
-0908
-0909
-0910
-0911
-0912
-0913
-0914
-0915
-0916
-0917
-0918
-0919
-0920
-0921
-0922
-0923
-0924
-0925
-0926
-0927
-0928
-0929
-0930
-1001
-1002
-1003
-1004
-1005
-1006
-1007
-1008
-1009
-1010
-1011
-1012
-1013
-1014
-1015
-1016
-1017
-1018
-1019
-1020
-1021
-1022
-1023
-1024
-1025
-1026
-1027
-1028
-1029
-1030
-1101
-1102
-1103
-1104
-1105
-1106
-1107
-1108
-1109
-1110
-1111
-1112
-1113
-1114
-1115
-1116
-1117
-1118
-1119
-1120
-1121
-1122
-1123
-1124
-1125
-1126
-1127
-1128
a1129
a1201
a1202
a1203
a1204
a1205
a1206
a1207
a1208
a1209
a1210
a1211
a1212
a1213
a1214
a1215
a1216
a1217
a1218
a1219
a1220
a1221
a1222
a1223
a1224
a1225
a1226
a1227
a1228
a1229
a1230
-0101
-0102
-0103
-0104
-0105
-0106
-0107
-0108
-0109
-0110
-0111
-0112
-0113
-0114
-0115
-0116
-0117
-0118
-0119
-0120
-0121
-0122
-0123
-0124
-0125
-0126
-0127
-0128
-0129
-0201
-0202
-0203
-0204
-0205
-0206
-0207
-0208
-0209
-0210
-0211
-0212
-0213
-0214
-0215
-0216
-0217
-0218
-0219
-0220
-0221
-0222
-0223
-0224
-0225
-0226
-0227
-0228
-0229
-0230
-0301
-0302
-0303
-0304
-0305
-0306
-0307
-0308
-0309
-0310
-0311
-0312
-0313
-0314
-0315
-0316
-0317
-0318
-0319
-0320
-0321
-0322
-0323
-0324
-0325
-0326
-0327
-0328
-0329
-0401
-0402
-0403
-0404
-0405
-0406
-0407
-0408
-0409
-0410
-0411
-0412
-0413
-0414
-0415
-0416
-0417
-0418
-0419
-0420
-0421
-0422
-0423
-0424
-0425
-0426
-0427
-0428
-0429
-0501
-0502
-0503
-0504
-0505
-0506
-0507
-0508
-0509
-0510
-0511
-0512
-0513
-0514
-0515
-0516
-0517
-0518
-0519
-0520
-0521
-0522
-0523
-0524
-0525
-0526
-0527
-0528
-0529
-0530
-0601
-0602
-0603
-0604
-0605
-0606
-0607
-0608
-0609
-0610
-0611
-0612
-0613
-0614
-0615
-0616
-0617
-0618
-0619
-0620
-0621
-0622
-0623
-0624
-0625
-0626
-0627
-0628
-0629
-0701
-0702
-0703
-0704
-0705
-0706
-0707
-0708
-0709
-0710
-0711
-0712
-0713
-0714
-0715
-0716
-0717
-0718
-0719
-0720
-0721
-0722
-0723
-0724
-0725
-0726
-0727
-0728
-0729
-0730
b0701
b0702
b0703
b0704
b0705
b0706
b0707
b0708
b0709
b0710
b0711
b0712
b0713
b0714
b0715
b0716
b0717
b0718
b0719
b0720
b0721
b0722
b0723
b0724
b0725
b0726
b0727
b0728
b0729
-0801
-0802
-0803
-0804
-0805
-0806
-0807
-0808
-0809
-0810
-0811
-0812
-0813
-0814
-0815
-0816
-0817
-0818
-0819
-0820
-0821
-0822
-0823
-0824
-0825
-0826
-0827
-0828
-0829
-0830
-0901
-0902
-0903
-0904
-0905
-0906
-0907
-0908
-0909
-0910
-0911
-0912
-0913
-0914
-0915
-0916
-0917
-0918
-0919
-0920
-0921
-0922
-0923
-0924
-0925
-0926
-0927
-0928
-0929
-0930
-1001
-1002
-1003
-1004
-1005
-1006
-1007
-1008
-1009
-1010
-1011
-1012
-1013
-1014
-1015
-1016
-1017
-1018
-1019
-1020
-1021
-1022
-1023
-1024
-1025
-1026
-1027
-1028
-1029
-1101
-1102
-1103
-1104
-1105
-1106
-1107
-1108
-1109
-1110
